0,0,1.0015000104904175, 0.8342839479446411
0,1,0.996362030506134, 0.8506511449813843
0,2,0.9920257925987244, 0.8360812664031982
0,3,0.993645966053009, 0.8321729302406311
0,4,0.9923076629638672, 0.8405566811561584
0,5,0.9871811270713806, 0.8377670645713806
0,6,0.9835540056228638, 0.8285919427871704
0,7,0.9800196886062622, 0.8410583138465881
0,8,0.9716622233390808, 0.8372594714164734
0,9,0.9683400988578796, 0.8369677066802979
0,10,0.9703534245491028, 0.8261328339576721
0,11,0.9538041353225708, 0.8292205333709717
0,12,0.9446312189102173, 0.8242182731628418
0,13,0.964512825012207, 0.8269529342651367
0,14,0.9228828549385071, 0.8335402607917786
0,15,0.895297646522522, 0.8347612023353577
1,0,0.9218244552612305, 0.8174123764038086
1,1,0.9059640765190125, 0.8440799713134766
1,2,0.8924420475959778, 0.8263084888458252
1,3,0.8831106424331665, 0.8211524486541748
1,4,0.8818153738975525, 0.8146237730979919
1,5,0.8259539604187012, 0.8219285607337952
1,6,0.829433262348175, 0.8130000233650208
1,7,0.8303410410881042, 0.8019270300865173
1,8,0.8155399560928345, 0.82439786195755
1,9,0.7933627963066101, 0.808526337146759
1,10,0.7243713736534119, 0.8280310034751892
1,11,0.7208877801895142, 0.8182114958763123
1,12,0.7208647131919861, 0.7982684373855591
1,13,0.6813945174217224, 0.7976565361022949
1,14,0.6601033210754395, 0.802760899066925
1,15,0.713855504989624, 0.8050780892372131
2,0,0.6392327547073364, 0.8172938227653503
2,1,0.616278886795044, 0.8077706694602966
2,2,0.5898770689964294, 0.8175352811813354
2,3,0.7179107069969177, 0.7790731191635132
2,4,0.6373971104621887, 0.8093689680099487
2,5,0.5581862330436707, 0.8028420805931091
2,6,0.5280159115791321, 0.8163030743598938
2,7,0.5089090466499329, 0.7882676124572754
2,8,0.5230165719985962, 0.7987739443778992
2,9,0.476553350687027, 0.7941973209381104
2,10,0.49138662219047546, 0.7787765860557556
2,11,0.44380924105644226, 0.7852481007575989
2,12,0.508544385433197, 0.7955081462860107
2,13,0.4181155860424042, 0.7750116586685181
2,14,0.46142664551734924, 0.7608420252799988
2,15,0.3790779411792755, 0.792595386505127
3,0,0.44272714853286743, 0.7429164052009583
3,1,0.349017471075058, 0.7793225049972534
3,2,0.4323475956916809, 0.7586416006088257
3,3,0.3617181181907654, 0.7653403282165527
3,4,0.3159603774547577, 0.7810089588165283
3,5,0.3474247455596924, 0.7538067698478699
3,6,0.29028207063674927, 0.7812387347221375
3,7,0.3644029498100281, 0.7527883052825928
3,8,0.26055869460105896, 0.753413200378418
3,9,0.5225931406021118, 0.7409974336624146
3,10,0.23340916633605957, 0.767168402671814
3,11,0.23007383942604065, 0.7572996020317078
3,12,0.19835208356380463, 0.7693440318107605
3,13,0.19966155290603638, 0.7698013782501221
3,14,0.18062421679496765, 0.7657614946365356
3,15,0.17579345405101776, 0.7479837536811829
4,0,0.24120011925697327, 0.7451218366622925
4,1,0.15884369611740112, 0.7333831191062927
4,2,0.24387192726135254, 0.7517954111099243
4,3,0.18197506666183472, 0.7190288305282593
4,4,0.10999985039234161, 0.7362531423568726
4,5,0.12588123977184296, 0.7255306243896484
4,6,0.09360360354185104, 0.7668091058731079
4,7,0.09161069989204407, 0.7394528388977051
4,8,0.09968923777341843, 0.6772773265838623
4,9,0.2765934467315674, 0.676258385181427
4,10,0.21523356437683105, 0.6807307004928589
4,11,0.17896001040935516, 0.6975545883178711
4,12,0.060424089431762695, 0.750285267829895
4,13,0.10012932121753693, 0.7276276350021362
4,14,0.05404555797576904, 0.7154873609542847
4,15,0.2306009829044342, 0.7319960594177246
5,0,0.059622492641210556, 0.7232100963592529
5,1,0.07294626533985138, 0.7301264405250549
5,2,0.13365714251995087, 0.6899623274803162
5,3,0.05399388074874878, 0.7164298295974731
5,4,0.03763611987233162, 0.7009001970291138
5,5,0.06933615356683731, 0.6521724462509155
5,6,0.05646432191133499, 0.6773520708084106
5,7,0.09298675507307053, 0.6093668341636658
5,8,0.12963269650936127, 0.624825656414032
5,9,0.12268909066915512, 0.6371052265167236
5,10,0.04282533749938011, 0.6780821084976196
5,11,0.17733275890350342, 0.6054216027259827
5,12,0.11435671150684357, 0.6897943019866943
5,13,0.10645966976881027, 0.6040390729904175
5,14,0.061560142785310745, 0.6340709328651428
5,15,0.033471670001745224, 0.6691210865974426
6,0,0.03910521790385246, 0.6668238639831543
6,1,0.026810217648744583, 0.6830297112464905
6,2,0.09722372144460678, 0.6867729425430298
6,3,0.031028056517243385, 0.6755468249320984
6,4,0.08170675486326218, 0.630424976348877
6,5,0.048393797129392624, 0.5931488871574402
6,6,0.04216364026069641, 0.6377716064453125
6,7,0.08636873215436935, 0.5446258783340454
6,8,0.027366433292627335, 0.6787592172622681
6,9,0.02083841897547245, 0.6815434098243713
6,10,0.02985784411430359, 0.7006600499153137
6,11,0.08052588999271393, 0.6359008550643921
6,12,0.025169217959046364, 0.7414377927780151
6,13,0.05981218442320824, 0.5525467991828918
6,14,0.06841345131397247, 0.6196326613426208
6,15,0.05508927255868912, 0.5879998207092285
7,0,0.04656994715332985, 0.6543025374412537
7,1,0.07904829829931259, 0.6000732779502869
7,2,0.014195752330124378, 0.7231377959251404
7,3,0.03343796357512474, 0.6511440277099609
7,4,0.13469131290912628, 0.5927281975746155
7,5,0.031074726954102516, 0.6386026740074158
7,6,0.026445025578141212, 0.6732029914855957
7,7,0.08963362872600555, 0.5530700087547302
7,8,0.07108499854803085, 0.6260850429534912
7,9,0.033558908849954605, 0.6285204887390137
7,10,0.02208620123565197, 0.6444950103759766
7,11,0.04219482094049454, 0.6487746238708496
7,12,0.1427435725927353, 0.6104273200035095
7,13,0.12369536608457565, 0.47741255164146423
7,14,0.02790541760623455, 0.6550036668777466
7,15,0.19995085895061493, 0.4686107337474823
8,0,0.07437640428543091, 0.5705583095550537
8,1,0.016492336988449097, 0.6663693785667419
8,2,0.029463917016983032, 0.6257502436637878
8,3,0.033799272030591965, 0.600368857383728
8,4,0.05687706544995308, 0.645426332950592
8,5,0.034456800669431686, 0.594249963760376
8,6,0.04705791547894478, 0.6441366076469421
8,7,0.023700784891843796, 0.5845170617103577
8,8,0.049235813319683075, 0.5954532623291016
8,9,0.20147724449634552, 0.5944487452507019
8,10,0.046702802181243896, 0.5528632998466492
8,11,0.026416480541229248, 0.5980443954467773
8,12,0.038534678518772125, 0.5726372003555298
8,13,0.036785222589969635, 0.5872374176979065
8,14,0.028959352523088455, 0.5810815691947937
8,15,0.03695765882730484, 0.5599395632743835
9,0,0.020627304911613464, 0.5834211111068726
9,1,0.01644563488662243, 0.5871222019195557
9,2,0.10684347152709961, 0.5181272029876709
9,3,0.01967843435704708, 0.6141632795333862
9,4,0.022730937227606773, 0.5399246215820312
9,5,0.022869117558002472, 0.5416857600212097
9,6,0.1478407084941864, 0.5636659860610962
9,7,0.08308281004428864, 0.5139209032058716
9,8,0.14657112956047058, 0.5679477453231812
9,9,0.05657593533396721, 0.48846176266670227
9,10,0.04607982188463211, 0.5144333839416504
9,11,0.14714257419109344, 0.47987303137779236
9,12,0.0330110527575016, 0.5298892259597778
9,13,0.0273269172757864, 0.5354567766189575
9,14,0.05957449600100517, 0.5128321647644043
9,15,0.05728214606642723, 0.5344097018241882
10,0,0.014422455802559853, 0.5459365844726562
10,1,0.015272962860763073, 0.5721376538276672
10,2,0.035081084817647934, 0.4980100393295288
10,3,0.021337458863854408, 0.5610666871070862
10,4,0.15642550587654114, 0.5453401207923889
10,5,0.08236383646726608, 0.5206251740455627
10,6,0.04986335709691048, 0.5387405753135681
10,7,0.02893669717013836, 0.5030009150505066
10,8,0.02089429274201393, 0.5683229565620422
10,9,0.012102521024644375, 0.5585097670555115
10,10,0.03219468891620636, 0.5232074856758118
10,11,0.06018846854567528, 0.5546261668205261
10,12,0.12442447990179062, 0.47174879908561707
10,13,0.03743394464254379, 0.49264976382255554
10,14,0.02678295411169529, 0.5408177375793457
10,15,0.03399188444018364, 0.5126875042915344
11,0,0.054897796362638474, 0.506061315536499
11,1,0.1334839165210724, 0.4628281891345978
11,2,0.06661771982908249, 0.4786852300167084
11,3,0.0785789042711258, 0.4565318524837494
11,4,0.016131116077303886, 0.5205371379852295
11,5,0.025398988276720047, 0.4913923740386963
11,6,0.010025620460510254, 0.5101482272148132
11,7,0.018508700653910637, 0.5030340552330017
11,8,0.049654483795166016, 0.46690765023231506
11,9,0.014630547724664211, 0.5071110725402832
11,10,0.04535636305809021, 0.46340411901474
11,11,0.03837055712938309, 0.47007930278778076
11,12,0.02443292737007141, 0.5049659609794617
11,13,0.013973094522953033, 0.47558990120887756
11,14,0.02559107542037964, 0.44162726402282715
11,15,0.014623063616454601, 0.4610690176486969
12,0,0.044624872505664825, 0.4500580132007599
12,1,0.04981426149606705, 0.44137001037597656
12,2,0.013974717818200588, 0.469507098197937
12,3,0.014086282812058926, 0.4698457419872284
12,4,0.11071186512708664, 0.4640863835811615
12,5,0.06824706494808197, 0.4855102598667145
12,6,0.027980664744973183, 0.4577811658382416
12,7,0.023685166612267494, 0.535304069519043
12,8,0.17217640578746796, 0.48903223872184753
12,9,0.07015182077884674, 0.43949267268180847
12,10,0.02683522179722786, 0.42626187205314636
12,11,0.03525038808584213, 0.45593297481536865
12,12,0.0987851545214653, 0.434349924325943
12,13,0.019934315234422684, 0.48267221450805664
12,14,0.035439103841781616, 0.43487662076950073
12,15,0.027461791411042213, 0.41535496711730957
13,0,0.13120971620082855, 0.42213743925094604
13,1,0.03261991962790489, 0.42147359251976013
13,2,0.05505119636654854, 0.43076398968696594
13,3,0.09683521836996078, 0.4473929703235626
13,4,0.011307734064757824, 0.44207116961479187
13,5,0.06745833158493042, 0.4192780554294586
13,6,0.038358937948942184, 0.4536978602409363
13,7,0.015497182495892048, 0.43694090843200684
13,8,0.03344219550490379, 0.4399038553237915
13,9,0.038863565772771835, 0.49002742767333984
13,10,0.021127810701727867, 0.5005335211753845
13,11,0.014395862817764282, 0.4628433287143707
13,12,0.02224195934832096, 0.4408571720123291
13,13,0.06335154920816422, 0.46153584122657776
13,14,0.02915920689702034, 0.453590452671051
13,15,0.013303619809448719, 0.47859182953834534
14,0,0.03000505641102791, 0.4363618493080139
14,1,0.01761968433856964, 0.43488165736198425
14,2,0.019156059250235558, 0.4526481330394745
14,3,0.024204781278967857, 0.4425065219402313
14,4,0.02441398799419403, 0.4262869358062744
14,5,0.09572865813970566, 0.41961413621902466
14,6,0.024523623287677765, 0.44263598322868347
14,7,0.09202096611261368, 0.41625797748565674
14,8,0.01423452515155077, 0.4479024410247803
14,9,0.01772349327802658, 0.4472162127494812
14,10,0.04809620603919029, 0.3906034231185913
14,11,0.01555667258799076, 0.48542866110801697
14,12,0.04504678025841713, 0.44487687945365906
14,13,0.007801327388733625, 0.4710770845413208
14,14,0.015589873306453228, 0.460996150970459
14,15,0.007649916689842939, 0.47485482692718506
15,0,0.017522895708680153, 0.45767077803611755
15,1,0.034341003745794296, 0.4143267869949341
15,2,0.04355238750576973, 0.406527578830719
15,3,0.017867552116513252, 0.4513535499572754
15,4,0.1309250146150589, 0.4168660044670105
15,5,0.030369115993380547, 0.4290021061897278
15,6,0.010486344806849957, 0.4553285837173462
15,7,0.11573250591754913, 0.38596850633621216
15,8,0.008704803884029388, 0.4623373746871948
15,9,0.024370482191443443, 0.4464452564716339
15,10,0.032460447400808334, 0.41231685876846313
15,11,0.009889255277812481, 0.42719167470932007
15,12,0.021684689447283745, 0.43638020753860474
15,13,0.007015725132077932, 0.45111292600631714
15,14,0.030348578467965126, 0.41231057047843933
15,15,0.01582690142095089, 0.45728808641433716
16,0,0.04226978123188019, 0.4346449673175812
16,1,0.014455090276896954, 0.45906582474708557
16,2,0.015524893999099731, 0.46194931864738464
16,3,0.18291150033473969, 0.42987319827079773
16,4,0.006840618792921305, 0.4606078863143921
16,5,0.05366376042366028, 0.39035576581954956
16,6,0.014309695921838284, 0.4293484687805176
16,7,0.018655208870768547, 0.4203566014766693
16,8,0.04124739393591881, 0.4119879901409149
16,9,0.026217585429549217, 0.4039578139781952
16,10,0.0571061372756958, 0.4231765568256378
16,11,0.014220468699932098, 0.4576607048511505
16,12,0.019980089738965034, 0.4115554690361023
16,13,0.022849198430776596, 0.4122770428657532
16,14,0.021794382482767105, 0.47133728861808777
16,15,0.018397467210888863, 0.43142759799957275
17,0,0.15351617336273193, 0.4012302756309509
17,1,0.011017652228474617, 0.44046109914779663
17,2,0.0073843481950461864, 0.42195063829421997
17,3,0.04925025627017021, 0.39321598410606384
17,4,0.027992844581604004, 0.4117487967014313
17,5,0.014435875229537487, 0.4083735942840576
17,6,0.0210337545722723, 0.4408309757709503
17,7,0.04547571390867233, 0.3834303915500641
17,8,0.21454790234565735, 0.41560035943984985
17,9,0.05908342823386192, 0.39359191060066223
17,10,0.10991114377975464, 0.39688417315483093
17,11,0.024252140894532204, 0.4089040160179138
17,12,0.03794431313872337, 0.4092837870121002
17,13,0.037469010800123215, 0.40259814262390137
17,14,0.044131290167570114, 0.39804160594940186
17,15,0.018745992332696915, 0.4153077006340027
18,0,0.21802568435668945, 0.3779492974281311
18,1,0.03121177665889263, 0.3887581527233124
18,2,0.028579914942383766, 0.42710888385772705
18,3,0.009120847098529339, 0.4574475586414337
18,4,0.06339699029922485, 0.39686015248298645
18,5,0.1410323679447174, 0.4049530029296875
18,6,0.035257596522569656, 0.3916499614715576
18,7,0.013097423128783703, 0.4433487057685852
18,8,0.1971859186887741, 0.3962640166282654
18,9,0.0060084969736635685, 0.44808652997016907
18,10,0.049311526119709015, 0.39936619997024536
18,11,0.0067233978770673275, 0.4484705328941345
18,12,0.07022430002689362, 0.3896075189113617
18,13,0.09270911663770676, 0.42131301760673523
18,14,0.01217392086982727, 0.4335452914237976
18,15,0.07470618933439255, 0.3773709237575531
19,0,0.06296681612730026, 0.39410510659217834
19,1,0.03893363103270531, 0.383696049451828
19,2,0.03717339038848877, 0.39034199714660645
19,3,0.027722669765353203, 0.41573718190193176
19,4,0.26876145601272583, 0.3800744116306305
19,5,0.01579788327217102, 0.42661672830581665
19,6,0.043018512427806854, 0.3698654770851135
19,7,0.08632287383079529, 0.39016759395599365
19,8,0.0404488630592823, 0.3816090226173401
19,9,0.1427641361951828, 0.3624940514564514
19,10,0.007076194044202566, 0.4213000237941742
19,11,0.039898037910461426, 0.3958197832107544
19,12,0.01735418103635311, 0.43422645330429077
19,13,0.014803275465965271, 0.41360342502593994
19,14,0.012838347814977169, 0.43623074889183044
19,15,0.04658360406756401, 0.4104773998260498
20,0,0.011923510581254959, 0.4120473861694336
20,1,0.021260341629385948, 0.4029495418071747
20,2,0.06237645074725151, 0.4073745012283325
20,3,0.1633789837360382, 0.41019415855407715
20,4,0.009202688001096249, 0.4402511715888977
20,5,0.016256658360362053, 0.3940443992614746
20,6,0.04284349083900452, 0.3653140366077423
20,7,0.056185461580753326, 0.3888438940048218
20,8,0.019430020824074745, 0.439426988363266
20,9,0.03968515247106552, 0.39188000559806824
20,10,0.026817137375473976, 0.4073539972305298
20,11,0.1393405795097351, 0.35201841592788696
20,12,0.024786626920104027, 0.38924890756607056
20,13,0.016930626705288887, 0.4087616205215454
20,14,0.02835831046104431, 0.392371267080307
20,15,0.08392059803009033, 0.3728393614292145
21,0,0.012574545107781887, 0.4244583547115326
21,1,0.10830574482679367, 0.3812372088432312
21,2,0.07209154218435287, 0.4109354019165039
21,3,0.015804145485162735, 0.39928632974624634
21,4,0.006689240224659443, 0.45622387528419495
21,5,0.06287888437509537, 0.40518295764923096
21,6,0.009100302122533321, 0.425935298204422
21,7,0.08597585558891296, 0.38499730825424194
21,8,0.016306154429912567, 0.4072346091270447
21,9,0.023094000294804573, 0.37855109572410583
21,10,0.037685930728912354, 0.3929319679737091
21,11,0.012965897098183632, 0.40158241987228394
21,12,0.030065227299928665, 0.39905449748039246
21,13,0.02510964870452881, 0.4035543203353882
21,14,0.04608310014009476, 0.3707796037197113
21,15,0.027371376752853394, 0.4158172011375427
22,0,0.007783186621963978, 0.41581961512565613
22,1,0.05792861804366112, 0.4102828800678253
22,2,0.03625219687819481, 0.4305834174156189
22,3,0.0358092226088047, 0.37349215149879456
22,4,0.023720763623714447, 0.3919947147369385
22,5,0.029216289520263672, 0.40369877219200134
22,6,0.020693976432085037, 0.3845263719558716
22,7,0.03225571662187576, 0.3903445601463318
22,8,0.009539983235299587, 0.41518959403038025
22,9,0.03353310748934746, 0.3806668519973755
22,10,0.007593872491270304, 0.3927061855792999
22,11,0.020920513197779655, 0.390725314617157
22,12,0.03562704473733902, 0.38657116889953613
22,13,0.0456276535987854, 0.3966916799545288
22,14,0.00978331733494997, 0.4170337915420532
22,15,0.03271060064435005, 0.38397347927093506
23,0,0.042676035314798355, 0.39933857321739197
23,1,0.03472641482949257, 0.3935973644256592
23,2,0.01522220391780138, 0.39138275384902954
23,3,0.05441511794924736, 0.3884285092353821
23,4,0.007428279612213373, 0.4094008505344391
23,5,0.04099847748875618, 0.38605672121047974
23,6,0.006763985846191645, 0.40651509165763855
23,7,0.02032400108873844, 0.3848118484020233
23,8,0.020076150074601173, 0.3884030282497406
23,9,0.042111705988645554, 0.37432602047920227
23,10,0.01886475645005703, 0.40817567706108093
23,11,0.03770036995410919, 0.39650318026542664
23,12,0.017944755032658577, 0.4058913588523865
23,13,0.018038392066955566, 0.40867510437965393
23,14,0.015853513032197952, 0.3940218389034271
23,15,0.03309711441397667, 0.385872483253479
24,0,0.01412927359342575, 0.4063229262828827
24,1,0.01129324734210968, 0.39417368173599243
24,2,0.03202810883522034, 0.3844926953315735
24,3,0.00783228874206543, 0.4086318016052246
24,4,0.006252026651054621, 0.4319280683994293
24,5,0.02323029562830925, 0.4011645019054413
24,6,0.09373688697814941, 0.3947660028934479
24,7,0.007068231236189604, 0.4325304329395294
24,8,0.028085818514227867, 0.37164947390556335
24,9,0.04147960990667343, 0.4009570777416229
24,10,0.07497739791870117, 0.3896309733390808
24,11,0.008554229512810707, 0.40218544006347656
24,12,0.020633913576602936, 0.42201101779937744
24,13,0.010003669187426567, 0.3993065059185028
24,14,0.03460656479001045, 0.4032425582408905
24,15,0.0054512121714651585, 0.40231388807296753
25,0,0.012751877307891846, 0.3849562108516693
25,1,0.016733650118112564, 0.40540221333503723
25,2,0.008312503807246685, 0.4247942864894867
25,3,0.01578572392463684, 0.4015676975250244
25,4,0.0788581371307373, 0.3766515552997589
25,5,0.020831787958741188, 0.39892128109931946
25,6,0.008497565053403378, 0.42222708463668823
25,7,0.047809161245822906, 0.35166338086128235
25,8,0.01762218587100506, 0.3873244822025299
25,9,0.012735222466289997, 0.4014909267425537
25,10,0.02344636432826519, 0.3796766698360443
25,11,0.008173558861017227, 0.3896050453186035
25,12,0.019949236884713173, 0.3798965513706207
25,13,0.00966568198055029, 0.4105300307273865
25,14,0.031062079593539238, 0.4063873589038849
25,15,0.011415312997996807, 0.39284980297088623
26,0,0.02440808154642582, 0.40713050961494446
26,1,0.17172102630138397, 0.3843434453010559
26,2,0.006379976402968168, 0.40174922347068787
26,3,0.006927493494004011, 0.4183576703071594
26,4,0.009415782988071442, 0.4038926959037781
26,5,0.015740377828478813, 0.40780073404312134
26,6,0.06859874725341797, 0.39083215594291687
26,7,0.02036118321120739, 0.3785499036312103
26,8,0.018345050513744354, 0.3849920332431793
26,9,0.042179763317108154, 0.37167730927467346
26,10,0.021327754482626915, 0.38249051570892334
26,11,0.01206828374415636, 0.3993094563484192
26,12,0.10543344169855118, 0.3682655394077301
26,13,0.006530096288770437, 0.40361088514328003
26,14,0.01157782506197691, 0.404276967048645
26,15,0.01403884869068861, 0.40271517634391785
27,0,0.08612225204706192, 0.3665976822376251
27,1,0.008301748894155025, 0.39707839488983154
27,2,0.010432441718876362, 0.39633163809776306
27,3,0.016621893271803856, 0.3835574984550476
27,4,0.012963389046490192, 0.3914243280887604
27,5,0.034149423241615295, 0.3629066050052643
27,6,0.014903961680829525, 0.39115893840789795
27,7,0.02163870632648468, 0.3899545669555664
27,8,0.030467962846159935, 0.3873361349105835
27,9,0.007362769450992346, 0.4147685468196869
27,10,0.09106006473302841, 0.38937559723854065
27,11,0.012062262743711472, 0.3952599763870239
27,12,0.009100975468754768, 0.3943447172641754
27,13,0.01148484367877245, 0.3837708532810211
27,14,0.013143043033778667, 0.3798346519470215
27,15,0.011999468319118023, 0.3981704115867615
28,0,0.0066878097131848335, 0.40690088272094727
28,1,0.01684364676475525, 0.37706032395362854
28,2,0.006382805295288563, 0.3904968202114105
28,3,0.03928324207663536, 0.3845583200454712
28,4,0.029027050361037254, 0.37486889958381653
28,5,0.007204614579677582, 0.39781057834625244
28,6,0.06937318295240402, 0.3785882890224457
28,7,0.07573252171278, 0.41865119338035583
28,8,0.007502565626055002, 0.439261794090271
28,9,0.023294612765312195, 0.3846202492713928
28,10,0.008392608724534512, 0.4033128619194031
28,11,0.006676521152257919, 0.4082131087779999
28,12,0.023055443540215492, 0.3861910402774811
28,13,0.033491313457489014, 0.36565861105918884
28,14,0.021812086924910545, 0.39390531182289124
28,15,0.010877943597733974, 0.3969559073448181
29,0,0.02982388250529766, 0.3828224837779999
29,1,0.01645101234316826, 0.38666832447052
29,2,0.028937796130776405, 0.3764169216156006
29,3,0.048138078302145004, 0.379080206155777
29,4,0.019636163488030434, 0.37903454899787903
29,5,0.007210503797978163, 0.4023584723472595
29,6,0.014596645720303059, 0.3841516077518463
29,7,0.012482065707445145, 0.38874417543411255
29,8,0.15871237218379974, 0.3559609353542328
29,9,0.032160062342882156, 0.397869348526001
29,10,0.021062228828668594, 0.38863876461982727
29,11,0.022234443575143814, 0.37228360772132874
29,12,0.008188308216631413, 0.416716992855072
29,13,0.012823536992073059, 0.39568424224853516
29,14,0.07881026715040207, 0.36202776432037354
29,15,0.041362445801496506, 0.3712502121925354
30,0,0.025965077802538872, 0.37017691135406494
30,1,0.04978413134813309, 0.37136876583099365
30,2,0.029885614290833473, 0.3782067894935608
30,3,0.03840990737080574, 0.3715284466743469
30,4,0.018343454226851463, 0.3906474709510803
30,5,0.08947264403104782, 0.36064183712005615
30,6,0.004889078438282013, 0.38233885169029236
30,7,0.01938612386584282, 0.36417803168296814
30,8,0.06257208436727524, 0.38726699352264404
30,9,0.010310682468116283, 0.39945363998413086
30,10,0.006449143867939711, 0.39280304312705994
30,11,0.008742769248783588, 0.393496572971344
30,12,0.03114943765103817, 0.36777105927467346
30,13,0.008142918348312378, 0.4035174548625946
30,14,0.05509066581726074, 0.36369749903678894
30,15,0.12014502286911011, 0.3688029944896698
31,0,0.014944866299629211, 0.37862974405288696
31,1,0.015438929200172424, 0.3768671751022339
31,2,0.009071201086044312, 0.39472779631614685
31,3,0.04936572164297104, 0.35764357447624207
31,4,0.08361916989088058, 0.37089473009109497
31,5,0.012826472520828247, 0.3714147210121155
31,6,0.006079330109059811, 0.40676847100257874
31,7,0.04309789091348648, 0.3822341561317444
31,8,0.004086002707481384, 0.39325907826423645
31,9,0.008485167287290096, 0.38828161358833313
31,10,0.020891014486551285, 0.3811940848827362
31,11,0.007495386991649866, 0.42653223872184753
31,12,0.007712237536907196, 0.38115692138671875
31,13,0.010506159625947475, 0.4133361279964447
31,14,0.028615346178412437, 0.37177813053131104
31,15,0.014279687777161598, 0.381919801235199
32,0,0.07936891168355942, 0.3615383505821228
32,1,0.007812063675373793, 0.4069545567035675
32,2,0.009816646575927734, 0.3855361044406891
32,3,0.025773683562874794, 0.37044909596443176
32,4,0.006200449075549841, 0.4036678671836853
32,5,0.09320675581693649, 0.3606296479701996
32,6,0.005386095494031906, 0.38217392563819885
32,7,0.007601124234497547, 0.3910485506057739
32,8,0.00846779253333807, 0.3940070867538452
32,9,0.034534286707639694, 0.37000221014022827
32,10,0.012413186021149158, 0.379306435585022
32,11,0.189071387052536, 0.36098167300224304
32,12,0.005258035380393267, 0.39440375566482544
32,13,0.00393718434497714, 0.3868311941623688
32,14,0.017928708344697952, 0.3754236102104187
32,15,0.02213638834655285, 0.37220439314842224
33,0,0.0360821895301342, 0.3695385754108429
33,1,0.01782996393740177, 0.38830292224884033
33,2,0.02159099280834198, 0.3708815574645996
33,3,0.014494024217128754, 0.3798443377017975
33,4,0.007513231132179499, 0.3811899423599243
33,5,0.01201290637254715, 0.3780381977558136
33,6,0.033688951283693314, 0.37185952067375183
33,7,0.010194984264671803, 0.37358230352401733
33,8,0.03897024318575859, 0.36752721667289734
33,9,0.006784429308027029, 0.3820980191230774
33,10,0.032919008284807205, 0.3696076273918152
33,11,0.13010720908641815, 0.36209914088249207
33,12,0.12664146721363068, 0.3493322730064392
33,13,0.007979610934853554, 0.3828880190849304
33,14,0.00653166463598609, 0.39338767528533936
33,15,0.05535940080881119, 0.3849771022796631
34,0,0.009016082622110844, 0.3837401270866394
34,1,0.031785424798727036, 0.3696632981300354
34,2,0.016744928434491158, 0.3838283121585846
34,3,0.02749994955956936, 0.3569048345088959
34,4,0.011629250831902027, 0.37505921721458435
34,5,0.02068476192653179, 0.37048473954200745
34,6,0.014957916922867298, 0.38137510418891907
34,7,0.03295520320534706, 0.37133586406707764
34,8,0.016969231888651848, 0.38071972131729126
34,9,0.01963251642882824, 0.37477433681488037
34,10,0.010839280672371387, 0.3807387351989746
34,11,0.007699101697653532, 0.3823803961277008
34,12,0.017261706292629242, 0.38100293278694153
34,13,0.01603618822991848, 0.37788912653923035
34,14,0.0483565591275692, 0.37780463695526123
34,15,0.12110546976327896, 0.40390443801879883
35,0,0.010343442671000957, 0.373264878988266
35,1,0.011081141419708729, 0.39971792697906494
35,2,0.0057632578536868095, 0.3984149396419525
35,3,0.05351473018527031, 0.3703031837940216
35,4,0.014333491213619709, 0.3809700012207031
35,5,0.015765931457281113, 0.39073941111564636
35,6,0.016187895089387894, 0.3829100728034973
35,7,0.037000611424446106, 0.365165114402771
35,8,0.08530201762914658, 0.34893369674682617
35,9,0.03174349293112755, 0.35778018832206726
35,10,0.10499143600463867, 0.3571386933326721
35,11,0.01660900190472603, 0.378324955701828
35,12,0.15265288949012756, 0.34441396594047546
35,13,0.0522342324256897, 0.3618481159210205
35,14,0.013151354156434536, 0.3794814944267273
35,15,0.010633991099894047, 0.4040243327617645
36,0,0.024182552471756935, 0.3722953796386719
36,1,0.014840766787528992, 0.3879155218601227
36,2,0.02587931416928768, 0.37075677514076233
36,3,0.009805102832615376, 0.3909362256526947
36,4,0.0780000314116478, 0.368803471326828
36,5,0.010430966503918171, 0.3685579001903534
36,6,0.014807295985519886, 0.3841981887817383
36,7,0.012096530757844448, 0.38509833812713623
36,8,0.008792939595878124, 0.37655577063560486
36,9,0.004718063864856958, 0.3868037164211273
36,10,0.0787915363907814, 0.37458232045173645
36,11,0.019573451951146126, 0.3653504550457001
36,12,0.01505837868899107, 0.3908352255821228
36,13,0.011803309433162212, 0.3977906107902527
36,14,0.01428674440830946, 0.37804535031318665
36,15,0.034083131700754166, 0.36234769225120544
37,0,0.01514124870300293, 0.39293336868286133
37,1,0.010869443416595459, 0.3855682909488678
37,2,0.012262538075447083, 0.3801635503768921
37,3,0.07392197102308273, 0.3547842800617218
37,4,0.0053305672481656075, 0.40534937381744385
37,5,0.007475388236343861, 0.4039899408817291
37,6,0.023198844864964485, 0.3667820394039154
37,7,0.00396858062595129, 0.4046263098716736
37,8,0.0058014425449073315, 0.3837009072303772
37,9,0.04454690217971802, 0.3585203289985657
37,10,0.006948474328964949, 0.3911203145980835
37,11,0.009101039730012417, 0.3825545012950897
37,12,0.05020713806152344, 0.35539761185646057
37,13,0.04663620516657829, 0.36356621980667114
37,14,0.01786038838326931, 0.3562749922275543
37,15,0.009468634612858295, 0.38389623165130615
38,0,0.05337510630488396, 0.38723108172416687
38,1,0.01812266930937767, 0.3769809901714325
38,2,0.00844181701540947, 0.3802044689655304
38,3,0.048546552658081055, 0.35287582874298096
38,4,0.012951033189892769, 0.3703945279121399
38,5,0.01285295095294714, 0.3835383355617523
38,6,0.010855810716748238, 0.3865308165550232
38,7,0.00418521324172616, 0.40505293011665344
38,8,0.010898430831730366, 0.3928224444389343
38,9,0.051563143730163574, 0.350477010011673
38,10,0.043595653027296066, 0.3736356496810913
38,11,0.018143964931368828, 0.3701534569263458
38,12,0.019437963142991066, 0.380465030670166
38,13,0.010838870890438557, 0.3818303644657135
38,14,0.007323342841118574, 0.3887752890586853
38,15,0.06713104993104935, 0.3435524106025696
39,0,0.03984592854976654, 0.354971319437027
39,1,0.01341269165277481, 0.39112305641174316
39,2,0.020945105701684952, 0.3749728798866272
39,3,0.004121152684092522, 0.3944832682609558
39,4,0.015774516388773918, 0.3660229444503784
39,5,0.015786001458764076, 0.36880066990852356
39,6,0.01829954795539379, 0.3887803554534912
39,7,0.009693979285657406, 0.376338928937912
39,8,0.005203370936214924, 0.3833780586719513
39,9,0.02323516085743904, 0.3671545386314392
39,10,0.021082164719700813, 0.3705214858055115
39,11,0.013926208019256592, 0.3754803240299225
39,12,0.01707141473889351, 0.366319864988327
39,13,0.014777037315070629, 0.37339624762535095
39,14,0.0770038589835167, 0.3555452227592468
39,15,0.04934204742312431, 0.3550077974796295
40,0,0.019649110734462738, 0.3682810962200165
40,1,0.019896285608410835, 0.3987393379211426
40,2,0.008763368241488934, 0.36801913380622864
40,3,0.011339908465743065, 0.37584468722343445
40,4,0.04606878384947777, 0.3716939687728882
40,5,0.02475186251103878, 0.35511451959609985
40,6,0.02406521700322628, 0.3517369031906128
40,7,0.016452878713607788, 0.3821919560432434
40,8,0.04588141664862633, 0.3709185719490051
40,9,0.028753280639648438, 0.3836333453655243
40,10,0.010461646132171154, 0.38922810554504395
40,11,0.013320811092853546, 0.374540239572525
40,12,0.012735247611999512, 0.3734062612056732
40,13,0.019820457324385643, 0.3636566698551178
40,14,0.016489798203110695, 0.3795028626918793
40,15,0.023205826058983803, 0.3609849810600281
41,0,0.01909361593425274, 0.36112749576568604
41,1,0.010413974523544312, 0.3845601975917816
41,2,0.055241286754608154, 0.36990687251091003
41,3,0.01640830934047699, 0.3644382953643799
41,4,0.03640184924006462, 0.37437352538108826
41,5,0.0632617175579071, 0.35100603103637695
41,6,0.03396672010421753, 0.36286461353302
41,7,0.024916505441069603, 0.3682083785533905
41,8,0.0278683602809906, 0.38376691937446594
41,9,0.0051645846106112, 0.37630942463874817
41,10,0.006074780132621527, 0.3800281286239624
41,11,0.010099965147674084, 0.3688543140888214
41,12,0.013834848999977112, 0.36129769682884216
41,13,0.006431786809116602, 0.3693041503429413
41,14,0.023737575858831406, 0.38412711024284363
41,15,0.014620037749409676, 0.37265631556510925
42,0,0.01295532938092947, 0.367549329996109
42,1,0.050395455211400986, 0.34351202845573425
42,2,0.006861587055027485, 0.3809293508529663
42,3,0.040437519550323486, 0.3613675534725189
42,4,0.009321055375039577, 0.3736250400543213
42,5,0.14372102916240692, 0.3461039364337921
42,6,0.006278123240917921, 0.38568124175071716
42,7,0.004223749972879887, 0.3891519010066986
42,8,0.009105994366109371, 0.37357693910598755
42,9,0.020811302587389946, 0.3797508478164673
42,10,0.03899943456053734, 0.35775190591812134
42,11,0.03815631568431854, 0.36604610085487366
42,12,0.01864316500723362, 0.3699001967906952
42,13,0.02267831563949585, 0.38004767894744873
42,14,0.09837855398654938, 0.3516484200954437
42,15,0.004705403000116348, 0.38392630219459534
43,0,0.06781461089849472, 0.34333282709121704
43,1,0.01522789616137743, 0.3666677474975586
43,2,0.012349164113402367, 0.3648577928543091
43,3,0.029241377487778664, 0.3616887331008911
43,4,0.007148894015699625, 0.40123194456100464
43,5,0.02571825124323368, 0.3557693362236023
43,6,0.012373239733278751, 0.3687905967235565
43,7,0.003674569074064493, 0.3837720453739166
43,8,0.008948354981839657, 0.3812725245952606
43,9,0.011332712136209011, 0.37984752655029297
43,10,0.0054047079756855965, 0.3764897882938385
43,11,0.015839993953704834, 0.365727961063385
43,12,0.006939594633877277, 0.38583800196647644
43,13,0.06546656042337418, 0.3614998459815979
43,14,0.10897105932235718, 0.339884489774704
43,15,0.029396463185548782, 0.37466105818748474
44,0,0.022885490208864212, 0.36320894956588745
44,1,0.04068398475646973, 0.3591770529747009
44,2,0.043935973197221756, 0.3679701089859009
44,3,0.005808841437101364, 0.3789408504962921
44,4,0.05784989520907402, 0.3565138280391693
44,5,0.014244155958294868, 0.37037405371665955
44,6,0.005403292365372181, 0.3751819431781769
44,7,0.030835462734103203, 0.3524155020713806
44,8,0.004146050661802292, 0.38226571679115295
44,9,0.09203501790761948, 0.39710381627082825
44,10,0.005747110582888126, 0.3938395082950592
44,11,0.03962959349155426, 0.3398544192314148
44,12,0.006222314666956663, 0.3731565475463867
44,13,0.021205229684710503, 0.38544243574142456
44,14,0.01350122969597578, 0.3797125518321991
44,15,0.011700398288667202, 0.38167670369148254
45,0,0.011498351581394672, 0.39371258020401
45,1,0.026897167786955833, 0.37250784039497375
45,2,0.1888999491930008, 0.343208372592926
45,3,0.036018215119838715, 0.36820629239082336
45,4,0.012742660008370876, 0.3738165497779846
45,5,0.012101438827812672, 0.3693912625312805
45,6,0.011696855537593365, 0.3720942437648773
45,7,0.020918304100632668, 0.37429848313331604
45,8,0.013350252993404865, 0.3785357177257538
45,9,0.16394822299480438, 0.3697912096977234
45,10,0.0033718550112098455, 0.3897874057292938
45,11,0.008061866275966167, 0.37212860584259033
45,12,0.007046923041343689, 0.36875101923942566
45,13,0.008629332296550274, 0.38410812616348267
45,14,0.016853440552949905, 0.35963281989097595
45,15,0.017786242067813873, 0.38300734758377075
46,0,0.007326570805162191, 0.41450035572052
46,1,0.03055589459836483, 0.3689393997192383
46,2,0.010614543221890926, 0.3717409670352936
46,3,0.006366266403347254, 0.37792107462882996
46,4,0.01273604016751051, 0.3693772554397583
46,5,0.00535628804937005, 0.3931434750556946
46,6,0.012036867439746857, 0.3820304572582245
46,7,0.014621982350945473, 0.3675645589828491
46,8,0.01936674490571022, 0.3576393127441406
46,9,0.026577217504382133, 0.38616225123405457
46,10,0.0028079908806830645, 0.3774734139442444
46,11,0.004141324665397406, 0.38659176230430603
46,12,0.05362763628363609, 0.35955989360809326
46,13,0.039706554263830185, 0.36149582266807556
46,14,0.036601778119802475, 0.3603017032146454
46,15,0.025875508785247803, 0.35221633315086365
47,0,0.08722563832998276, 0.37031495571136475
47,1,0.012914753518998623, 0.3777288794517517
47,2,0.008083350956439972, 0.37341025471687317
47,3,0.023093832656741142, 0.36451712250709534
47,4,0.01651325263082981, 0.3673011064529419
47,5,0.15299925208091736, 0.3466035723686218
47,6,0.01584787666797638, 0.360393762588501
47,7,0.019476795569062233, 0.35801899433135986
47,8,0.018920665606856346, 0.36206597089767456
47,9,0.047413170337677, 0.362089067697525
47,10,0.037322111427783966, 0.3589288294315338
47,11,0.004573154728859663, 0.3688119351863861
47,12,0.008374795317649841, 0.3734375536441803
47,13,0.09047647565603256, 0.35984325408935547
47,14,0.01751713827252388, 0.385096937417984
47,15,0.02495259791612625, 0.35597196221351624
48,0,0.027289053425192833, 0.3451193869113922
48,1,0.024124866351485252, 0.363095223903656
48,2,0.008560853078961372, 0.3827482759952545
48,3,0.05255253240466118, 0.38289764523506165
48,4,0.007325496058911085, 0.3799731433391571
48,5,0.02967524342238903, 0.35734325647354126
48,6,0.01076887734234333, 0.369082510471344
48,7,0.01624595932662487, 0.358256459236145
48,8,0.029886538162827492, 0.3575105667114258
48,9,0.009336127899587154, 0.4017389714717865
48,10,0.06567684561014175, 0.3445195257663727
48,11,0.01967689022421837, 0.3506128787994385
48,12,0.019015291705727577, 0.3670988082885742
48,13,0.01881852187216282, 0.3617215156555176
48,14,0.01265708077698946, 0.35865214467048645
48,15,0.024296658113598824, 0.3676159083843231
49,0,0.004287391901016235, 0.393494188785553
49,1,0.03137214109301567, 0.35563164949417114
49,2,0.005805939435958862, 0.38166117668151855
49,3,0.00504691805690527, 0.3856917917728424
49,4,0.02173425257205963, 0.3569253087043762
49,5,0.11509020626544952, 0.3598308563232422
49,6,0.02486979216337204, 0.3649477958679199
49,7,0.038161005824804306, 0.36314690113067627
49,8,0.02409161441028118, 0.3732225298881531
49,9,0.011464208364486694, 0.3625873327255249
49,10,0.06439613550901413, 0.3683200180530548
49,11,0.01824066787958145, 0.36479833722114563
49,12,0.02187432534992695, 0.3581748306751251
49,13,0.008602568879723549, 0.3804393410682678
49,14,0.00397311057895422, 0.37021055817604065
49,15,0.026602506637573242, 0.364803671836853
50,0,0.05123654752969742, 0.33894774317741394
50,1,0.004404246341437101, 0.37878769636154175
50,2,0.007828601635992527, 0.37379568815231323
50,3,0.012479680590331554, 0.3691233992576599
50,4,0.015742698684334755, 0.3798719644546509
50,5,0.016613198444247246, 0.3589237630367279
50,6,0.07491347938776016, 0.35178640484809875
50,7,0.006617313716560602, 0.3719784915447235
50,8,0.005945614073425531, 0.3693179786205292
50,9,0.004316398408263922, 0.3922303020954132
50,10,0.032970137894153595, 0.3416275084018707
50,11,0.012768140994012356, 0.37554940581321716
50,12,0.006577781867235899, 0.3697049021720886
50,13,0.05461848899722099, 0.36409372091293335
50,14,0.05249207094311714, 0.3626755475997925
50,15,0.028235910460352898, 0.35312432050704956
51,0,0.0035957254003733397, 0.3944178521633148
51,1,0.04406319558620453, 0.3562863767147064
51,2,0.017490489408373833, 0.3691340386867523
51,3,0.019611839205026627, 0.3648820221424103
51,4,0.013940954580903053, 0.3546120524406433
51,5,0.007526942994445562, 0.3703034520149231
51,6,0.06212954595685005, 0.35199931263923645
51,7,0.007956420071423054, 0.365936279296875
51,8,0.012291847728192806, 0.360236793756485
51,9,0.0062872618436813354, 0.36950090527534485
51,10,0.012156124226748943, 0.37602537870407104
51,11,0.022292882204055786, 0.3729490637779236
51,12,0.005617599003016949, 0.3871614933013916
51,13,0.01254148967564106, 0.38062942028045654
51,14,0.004953353200107813, 0.3693369925022125
51,15,0.014125451445579529, 0.3652709722518921
52,0,0.03304952010512352, 0.36607539653778076
52,1,0.007782889995723963, 0.3612176477909088
52,2,0.0034818195272237062, 0.3732096552848816
52,3,0.00397841352969408, 0.38209256529808044
52,4,0.005975318606942892, 0.3650882840156555
52,5,0.0070794373750686646, 0.36998945474624634
52,6,0.006259474437683821, 0.38292551040649414
52,7,0.008623299188911915, 0.37289199233055115
52,8,0.005488684866577387, 0.3756901025772095
52,9,0.018430789932608604, 0.35821056365966797
52,10,0.016234254464507103, 0.359726220369339
52,11,0.009143548086285591, 0.4078027606010437
52,12,0.046499308198690414, 0.3714935779571533
52,13,0.009302903898060322, 0.3734896779060364
52,14,0.00955896358937025, 0.3770924210548401
52,15,0.15183918178081512, 0.37069952487945557
53,0,0.01602998934686184, 0.36257240176200867
53,1,0.013792273588478565, 0.3659064769744873
53,2,0.01392758172005415, 0.35831913352012634
53,3,0.1077292189002037, 0.3753238022327423
53,4,0.002888851100578904, 0.3826373219490051
53,5,0.02541027031838894, 0.3586856424808502
53,6,0.011817581951618195, 0.3742559254169464
53,7,0.08305604755878448, 0.3372906446456909
53,8,0.005793848540633917, 0.3673213720321655
53,9,0.06658931821584702, 0.3668246865272522
53,10,0.025990566238760948, 0.3693884313106537
53,11,0.005951108876615763, 0.3907003402709961
53,12,0.03314025700092316, 0.344216525554657
53,13,0.0034349856432527304, 0.3870162069797516
53,14,0.04248681291937828, 0.35899367928504944
53,15,0.00574406748637557, 0.3872838318347931
54,0,0.02354198321700096, 0.3727780282497406
54,1,0.011622810736298561, 0.3659628629684448
54,2,0.010886668227612972, 0.3683232069015503
54,3,0.006551770027726889, 0.3749198019504547
54,4,0.15331678092479706, 0.357510507106781
54,5,0.01616528071463108, 0.36261412501335144
54,6,0.00809722114354372, 0.36846667528152466
54,7,0.045693814754486084, 0.3508215546607971
54,8,0.014430333860218525, 0.36862945556640625
54,9,0.03634938597679138, 0.3626876771450043
54,10,0.012947243638336658, 0.3592458665370941
54,11,0.026919415220618248, 0.3464221954345703
54,12,0.00294718355871737, 0.3690701723098755
54,13,0.010416886769235134, 0.3956521153450012
54,14,0.006028659176081419, 0.3709227740764618
54,15,0.0070751565508544445, 0.3782103359699249
55,0,0.1278592348098755, 0.3394542932510376
55,1,0.013368594460189342, 0.3842454254627228
55,2,0.018769333139061928, 0.3569265604019165
55,3,0.06766700744628906, 0.38633203506469727
55,4,0.01308355014771223, 0.3700801730155945
55,5,0.0965474471449852, 0.35086333751678467
55,6,0.1468404084444046, 0.3440726697444916
55,7,0.05445332080125809, 0.35244232416152954
55,8,0.006814365275204182, 0.35860246419906616
55,9,0.018845459446310997, 0.3764062821865082
55,10,0.0699562355875969, 0.36218950152397156
55,11,0.025122320279479027, 0.3677203357219696
55,12,0.02193414978682995, 0.36049702763557434
55,13,0.014802495948970318, 0.3628418445587158
55,14,0.06024140864610672, 0.34925854206085205
55,15,0.0029660563450306654, 0.3892976939678192
56,0,0.009876386262476444, 0.3723561763763428
56,1,0.014853847213089466, 0.3602765202522278
56,2,0.018771914765238762, 0.3609619140625
56,3,0.007357051130384207, 0.37317895889282227
56,4,0.032690804451704025, 0.3438328206539154
56,5,0.16272972524166107, 0.3536694645881653
56,6,0.0033604197669774294, 0.38068392872810364
56,7,0.030565647408366203, 0.3861145079135895
56,8,0.1986808031797409, 0.3536650538444519
56,9,0.004525370430201292, 0.3726370632648468
56,10,0.008508676663041115, 0.3712911903858185
56,11,0.0026052368339151144, 0.37995806336402893
56,12,0.014893369749188423, 0.35913851857185364
56,13,0.03091871552169323, 0.3545421361923218
56,14,0.014972493052482605, 0.3594266176223755
56,15,0.010861877351999283, 0.36483049392700195
57,0,0.0048151323571801186, 0.37454715371131897
57,1,0.0030849489849060774, 0.37120524048805237
57,2,0.008991844020783901, 0.36968815326690674
57,3,0.015453598462045193, 0.3705238401889801
57,4,0.014832383953034878, 0.35890230536460876
57,5,0.007121463306248188, 0.3857790529727936
57,6,0.008137505501508713, 0.36654695868492126
57,7,0.012791243381798267, 0.3527030944824219
57,8,0.028470909222960472, 0.3570720851421356
57,9,0.02030731737613678, 0.35176652669906616
57,10,0.006985075306147337, 0.37258344888687134
57,11,0.013118676841259003, 0.3550688922405243
57,12,0.01643594168126583, 0.35378700494766235
57,13,0.0061357952654361725, 0.3725626766681671
57,14,0.017147019505500793, 0.3792087435722351
57,15,0.007537510246038437, 0.3766229748725891
58,0,0.018132660537958145, 0.3543512225151062
58,1,0.010214501060545444, 0.37756267189979553
58,2,0.01073622889816761, 0.36367425322532654
58,3,0.00858870055526495, 0.37519529461860657
58,4,0.10067899525165558, 0.3357201814651489
58,5,0.010834000073373318, 0.3657374680042267
58,6,0.056155670434236526, 0.34699711203575134
58,7,0.0197207722812891, 0.34604915976524353
58,8,0.005616096314042807, 0.37056344747543335
58,9,0.05492667108774185, 0.36358994245529175
58,10,0.032786428928375244, 0.34339261054992676
58,11,0.017111381515860558, 0.35595300793647766
58,12,0.01434794720262289, 0.36166736483573914
58,13,0.014442667365074158, 0.3732902407646179
58,14,0.005965941585600376, 0.385324627161026
58,15,0.005369582679122686, 0.3903476297855377
59,0,0.024840805679559708, 0.34930768609046936
59,1,0.013156200759112835, 0.37257036566734314
59,2,0.026048561558127403, 0.3399486243724823
59,3,0.02132650837302208, 0.36437028646469116
59,4,0.012919670902192593, 0.35870474576950073
59,5,0.005521938670426607, 0.37863150238990784
59,6,0.0041604130528867245, 0.39442652463912964
59,7,0.0068026259541511536, 0.37782758474349976
59,8,0.01307244598865509, 0.36097079515457153
59,9,0.03625226765871048, 0.3512851595878601
59,10,0.02048184536397457, 0.3585158884525299
59,11,0.02082718163728714, 0.3465331196784973
59,12,0.02314302884042263, 0.3767435848712921
59,13,0.006084192078560591, 0.3738086521625519
59,14,0.035748958587646484, 0.3471541702747345
59,15,0.011134265922009945, 0.3673842251300812
60,0,0.036523133516311646, 0.34973788261413574
60,1,0.04380809888243675, 0.35985201597213745
60,2,0.015079490840435028, 0.35586461424827576
60,3,0.017902560532093048, 0.36928239464759827
60,4,0.03277847170829773, 0.35326021909713745
60,5,0.008177767507731915, 0.3712379038333893
60,6,0.015709076076745987, 0.37721171975135803
60,7,0.004172741901129484, 0.3903869390487671
60,8,0.003567113308236003, 0.3816622197628021
60,9,0.006773907225579023, 0.375916987657547
60,10,0.009480541571974754, 0.3708557188510895
60,11,0.006969707552343607, 0.3690967559814453
60,12,0.014479494653642178, 0.3635505735874176
60,13,0.005833012517541647, 0.37391531467437744
60,14,0.005662045907229185, 0.36600321531295776
60,15,0.1672670692205429, 0.33193060755729675
61,0,0.005215782672166824, 0.3840322196483612
61,1,0.029836172237992287, 0.3439335823059082
61,2,0.011120970360934734, 0.3719031512737274
61,3,0.008291284553706646, 0.3640241026878357
61,4,0.008934772573411465, 0.35754144191741943
61,5,0.005366731900721788, 0.39572638273239136
61,6,0.013896134681999683, 0.36430880427360535
61,7,0.02549651823937893, 0.3531437814235687
61,8,0.032859791070222855, 0.34959539771080017
61,9,0.028498450294137, 0.35543349385261536
61,10,0.01202369760721922, 0.3651978671550751
61,11,0.008327536284923553, 0.3721213638782501
61,12,0.019096901640295982, 0.3633768558502197
61,13,0.014853998087346554, 0.36520230770111084
61,14,0.014793703332543373, 0.37213626503944397
61,15,0.1941557675600052, 0.32112228870391846
62,0,0.01766246370971203, 0.36538374423980713
62,1,0.02209046296775341, 0.35350948572158813
62,2,0.018334107473492622, 0.34970858693122864
62,3,0.05624513700604439, 0.36220583319664
62,4,0.016755515709519386, 0.35178491473197937
62,5,0.020583976060152054, 0.36476606130599976
62,6,0.0030621972400695086, 0.38471683859825134
62,7,0.003987404052168131, 0.3767908811569214
62,8,0.006279741879552603, 0.36007049679756165
62,9,0.01521438080817461, 0.35412663221359253
62,10,0.013795504346489906, 0.3678235411643982
62,11,0.0201411172747612, 0.3516516089439392
62,12,0.005917836911976337, 0.38253769278526306
62,13,0.054800357669591904, 0.3476426899433136
62,14,0.0504864938557148, 0.36359903216362
62,15,0.017374787479639053, 0.35146278142929077
63,0,0.009114791639149189, 0.3714386522769928
63,1,0.008573703467845917, 0.35972166061401367
63,2,0.008768762461841106, 0.37229615449905396
63,3,0.004529749043285847, 0.3752177953720093
63,4,0.005303701851516962, 0.3748938739299774
63,5,0.004164507612586021, 0.36604171991348267
63,6,0.04710860550403595, 0.34822332859039307
63,7,0.011857777833938599, 0.3746829330921173
63,8,0.00614313455298543, 0.370082288980484
63,9,0.019248247146606445, 0.35767048597335815
63,10,0.011539912782609463, 0.3595167398452759
63,11,0.013002263382077217, 0.3578367531299591
63,12,0.009692491963505745, 0.3644868731498718
63,13,0.006980712991207838, 0.36199212074279785
63,14,0.01079121045768261, 0.3762589693069458
63,15,0.007957607507705688, 0.3761471211910248
64,0,0.01869700290262699, 0.37607288360595703
64,1,0.131200909614563, 0.3645492494106293
64,2,0.012531096115708351, 0.3627009093761444
64,3,0.01755901612341404, 0.3513430953025818
64,4,0.004913974087685347, 0.386193186044693
64,5,0.011481105349957943, 0.3747940957546234
64,6,0.02147456631064415, 0.35416820645332336
64,7,0.059038110077381134, 0.352146178483963
64,8,0.013780958019196987, 0.3783234655857086
64,9,0.007773266639560461, 0.37112829089164734
64,10,0.014934147708117962, 0.3495350778102875
64,11,0.011847092770040035, 0.3546152412891388
64,12,0.05729706957936287, 0.34557071328163147
64,13,0.012349079363048077, 0.35979828238487244
64,14,0.004959804005920887, 0.380368709564209
64,15,0.0059007760137319565, 0.36500588059425354
65,0,0.01721109263598919, 0.35971227288246155
65,1,0.00832618772983551, 0.36982449889183044
65,2,0.0028363317251205444, 0.37281984090805054
65,3,0.005774158518761396, 0.398563027381897
65,4,0.0040650139562785625, 0.36831751465797424
65,5,0.01802133396267891, 0.36558935046195984
65,6,0.02181573025882244, 0.3537370264530182
65,7,0.004587463103234768, 0.3896436393260956
65,8,0.012613666243851185, 0.35613974928855896
65,9,0.006255363114178181, 0.3610899746417999
65,10,0.08004150539636612, 0.3457363545894623
65,11,0.007772168610244989, 0.3809187412261963
65,12,0.0030897303950041533, 0.37027472257614136
65,13,0.017198234796524048, 0.3550337255001068
65,14,0.011069868691265583, 0.35183894634246826
65,15,0.023398198187351227, 0.34328988194465637
66,0,0.04119652137160301, 0.34002745151519775
66,1,0.005420776549726725, 0.3671221435070038
66,2,0.025228232145309448, 0.35923582315444946
66,3,0.012775445356965065, 0.35301563143730164
66,4,0.01649865321815014, 0.3498286306858063
66,5,0.03851814195513725, 0.3496689796447754
66,6,0.023505790159106255, 0.35052934288978577
66,7,0.006976868957281113, 0.3630536198616028
66,8,0.01780049316585064, 0.3673306405544281
66,9,0.003236593445762992, 0.3727797567844391
66,10,0.02365976572036743, 0.3686380088329315
66,11,0.015152576379477978, 0.3706263601779938
66,12,0.012231150642037392, 0.36033815145492554
66,13,0.006536565255373716, 0.3601233959197998
66,14,0.028459638357162476, 0.35610392689704895
66,15,0.02978682331740856, 0.3442099094390869
67,0,0.02971198596060276, 0.3542921245098114
67,1,0.01896592788398266, 0.35619333386421204
67,2,0.01730925962328911, 0.351807564496994
67,3,0.008384094573557377, 0.36435461044311523
67,4,0.004839819855988026, 0.36395540833473206
67,5,0.08467818051576614, 0.36687636375427246
67,6,0.023385850712656975, 0.3617960810661316
67,7,0.046844858676195145, 0.3389480710029602
67,8,0.00684101739898324, 0.36492690443992615
67,9,0.0031943039502948523, 0.36468422412872314
67,10,0.015042516402900219, 0.3562365472316742
67,11,0.0069199115969240665, 0.3760887384414673
67,12,0.03989103063941002, 0.3523977994918823
67,13,0.0036302662920206785, 0.3838127851486206
67,14,0.010499467141926289, 0.37580499053001404
67,15,0.01507735438644886, 0.35423463582992554
68,0,0.004619784187525511, 0.36662471294403076
68,1,0.06930452585220337, 0.35401737689971924
68,2,0.02526523545384407, 0.3531283438205719
68,3,0.004413153510540724, 0.37108108401298523
68,4,0.004957088269293308, 0.3651524484157562
68,5,0.0034208805300295353, 0.3628276586532593
68,6,0.03453464061021805, 0.3415188193321228
68,7,0.014446074143052101, 0.3621263802051544
68,8,0.014261553063988686, 0.35795456171035767
68,9,0.0027630124241113663, 0.3715665638446808
68,10,0.035637613385915756, 0.34803858399391174
68,11,0.06283099204301834, 0.343354195356369
68,12,0.010641766712069511, 0.3598042130470276
68,13,0.008948883973062038, 0.36814987659454346
68,14,0.035001952201128006, 0.3552011549472809
68,15,0.01843058131635189, 0.35610219836235046
69,0,0.018344484269618988, 0.3534441292285919
69,1,0.0255429744720459, 0.36713650822639465
69,2,0.002732439897954464, 0.36658111214637756
69,3,0.014683946035802364, 0.3697056472301483
69,4,0.005563830025494099, 0.3763416111469269
69,5,0.004888258408755064, 0.3653467893600464
69,6,0.010278605856001377, 0.35171717405319214
69,7,0.015277857892215252, 0.369705468416214
69,8,0.06488203257322311, 0.33123111724853516
69,9,0.00520490575581789, 0.36409950256347656
69,10,0.011020543985068798, 0.359120637178421
69,11,0.011200523003935814, 0.36151260137557983
69,12,0.01568329520523548, 0.37739428877830505
69,13,0.008715599775314331, 0.3640674352645874
69,14,0.00340293045155704, 0.3623782694339752
69,15,0.009287574328482151, 0.3630034625530243
70,0,0.008486553095281124, 0.3637913465499878
70,1,0.002166086807847023, 0.38240620493888855
70,2,0.019239937886595726, 0.35280972719192505
70,3,0.01380882877856493, 0.3611418306827545
70,4,0.06009763479232788, 0.3315085768699646
70,5,0.00990036129951477, 0.3636518120765686
70,6,0.006904026959091425, 0.369365394115448
70,7,0.04094814136624336, 0.3625042736530304
70,8,0.038638364523649216, 0.36093810200691223
70,9,0.0020412763115018606, 0.3730134069919586
70,10,0.0067837173119187355, 0.3606138229370117
70,11,0.002652818337082863, 0.3766482472419739
70,12,0.010924573056399822, 0.3599312901496887
70,13,0.024431675672531128, 0.3727349042892456
70,14,0.005339047405868769, 0.3682059943675995
70,15,0.011005790904164314, 0.3698846399784088
71,0,0.08347312361001968, 0.33821815252304077
71,1,0.010339763015508652, 0.36187416315078735
71,2,0.009082486853003502, 0.3649885356426239
71,3,0.10980863869190216, 0.35352790355682373
71,4,0.0034520968329161406, 0.37370654940605164
71,5,0.01853705570101738, 0.3631966710090637
71,6,0.056787360459566116, 0.3536875247955322
71,7,0.0026613364461809397, 0.3701264560222626
71,8,0.014632398262619972, 0.3567018210887909
71,9,0.015071897767484188, 0.35336223244667053
71,10,0.005912344437092543, 0.36967507004737854
71,11,0.006365649402141571, 0.35710471868515015
71,12,0.09226654469966888, 0.34384551644325256
71,13,0.02061568759381771, 0.3469051420688629
71,14,0.007966390810906887, 0.37491852045059204
71,15,0.006711897905915976, 0.3654782176017761
72,0,0.022923050448298454, 0.3497200608253479
72,1,0.011618406511843204, 0.36622801423072815
72,2,0.00475311791524291, 0.38405779004096985
72,3,0.021595219150185585, 0.36073562502861023
72,4,0.010332183912396431, 0.3666016459465027
72,5,0.02024347335100174, 0.34543848037719727
72,6,0.013803796842694283, 0.3638661503791809
72,7,0.023145785555243492, 0.3527056872844696
72,8,0.07107579708099365, 0.36041489243507385
72,9,0.07675402611494064, 0.3277261555194855
72,10,0.006689877714961767, 0.36810752749443054
72,11,0.1204736977815628, 0.3519780933856964
72,12,0.0028084327932447195, 0.37488853931427
72,13,0.02376963198184967, 0.3510532081127167
72,14,0.006327674724161625, 0.363349050283432
72,15,0.030240697786211967, 0.3503500819206238
73,0,0.010207201354205608, 0.35909754037857056
73,1,0.008213275112211704, 0.3684677183628082
73,2,0.00350467418320477, 0.3750549852848053
73,3,0.01027582585811615, 0.3569531738758087
73,4,0.1404198855161667, 0.34335318207740784
73,5,0.012287462130188942, 0.3650686740875244
73,6,0.009413889609277248, 0.3813372254371643
73,7,0.018046775832772255, 0.34441325068473816
73,8,0.016207097098231316, 0.3589211106300354
73,9,0.0172923244535923, 0.3480296730995178
73,10,0.031693655997514725, 0.34447816014289856
73,11,0.014262007549405098, 0.3469008207321167
73,12,0.005399035755544901, 0.3861500322818756
73,13,0.020031757652759552, 0.3492613732814789
73,14,0.002372100716456771, 0.36794719099998474
73,15,0.009975175373256207, 0.35333025455474854
74,0,0.026402397081255913, 0.3592643439769745
74,1,0.042606960982084274, 0.34056738018989563
74,2,0.01060149073600769, 0.3523979187011719
74,3,0.007693775929510593, 0.3620641231536865
74,4,0.004585571121424437, 0.3553168475627899
74,5,0.02023068256676197, 0.3535001575946808
74,6,0.020041976124048233, 0.34684985876083374
74,7,0.007804397027939558, 0.3519129157066345
74,8,0.005542276427149773, 0.38323691487312317
74,9,0.01369495876133442, 0.3664993643760681
74,10,0.02361188270151615, 0.35326775908470154
74,11,0.07310384511947632, 0.3494906723499298
74,12,0.028880519792437553, 0.34656763076782227
74,13,0.005107645411044359, 0.36617472767829895
74,14,0.002781333401799202, 0.3861899673938751
74,15,0.019029399380087852, 0.3665078282356262
75,0,0.011056200601160526, 0.36096611618995667
75,1,0.013030014000833035, 0.35578298568725586
75,2,0.007508860435336828, 0.356038898229599
75,3,0.0022275883238762617, 0.36721786856651306
75,4,0.0051184771582484245, 0.36385536193847656
75,5,0.044331327080726624, 0.34981945157051086
75,6,0.03220653906464577, 0.3451255261898041
75,7,0.03190494328737259, 0.35686177015304565
75,8,0.006855701562017202, 0.3598375618457794
75,9,0.01747199334204197, 0.36208808422088623
75,10,0.007308203261345625, 0.37100791931152344
75,11,0.020151404663920403, 0.35111868381500244
75,12,0.005234122276306152, 0.3636009693145752
75,13,0.0050994292832911015, 0.36742308735847473
75,14,0.007938145659863949, 0.3477717339992523
75,15,0.0185440331697464, 0.3552546799182892
76,0,0.020624687895178795, 0.33645719289779663
76,1,0.014166186563670635, 0.3393207788467407
76,2,0.013209262862801552, 0.3719192147254944
76,3,0.008369432762265205, 0.370741605758667
76,4,0.0278810765594244, 0.3322782516479492
76,5,0.013730752281844616, 0.38644689321517944
76,6,0.004372014664113522, 0.3766918480396271
76,7,0.007809692528098822, 0.372262179851532
76,8,0.0620766282081604, 0.3562704622745514
76,9,0.0032864504028111696, 0.36322125792503357
76,10,0.009225938469171524, 0.36523622274398804
76,11,0.0024790694005787373, 0.3676604628562927
76,12,0.004509921185672283, 0.36172422766685486
76,13,0.026960277929902077, 0.352422297000885
76,14,0.004712376743555069, 0.36064785718917847
76,15,0.050126224756240845, 0.33487117290496826
77,0,0.10082646459341049, 0.34534409642219543
77,1,0.008735783398151398, 0.3698654770851135
77,2,0.011090648360550404, 0.3570776581764221
77,3,0.0074285054579377174, 0.3615877628326416
77,4,0.0079371752217412, 0.36430424451828003
77,5,0.025693094357848167, 0.3477073311805725
77,6,0.029533132910728455, 0.3551318645477295
77,7,0.005624006036669016, 0.36692821979522705
77,8,0.023567793890833855, 0.3420393466949463
77,9,0.02182113192975521, 0.3668014407157898
77,10,0.00600179098546505, 0.36389878392219543
77,11,0.024498939514160156, 0.3459671437740326
77,12,0.0406070314347744, 0.35169947147369385
77,13,0.02719140611588955, 0.3381243050098419
77,14,0.01269677747040987, 0.35461512207984924
77,15,0.01143587101250887, 0.36564400792121887
78,0,0.030099613592028618, 0.3458252251148224
78,1,0.0105276582762599, 0.3579314947128296
78,2,0.012495462782680988, 0.35548004508018494
78,3,0.03343501687049866, 0.36720219254493713
78,4,0.022262917831540108, 0.34421828389167786
78,5,0.0035151131451129913, 0.3660595715045929
78,6,0.011886431835591793, 0.353380024433136
78,7,0.02680314891040325, 0.36776334047317505
78,8,0.01008199155330658, 0.3629477918148041
78,9,0.015833599492907524, 0.36128005385398865
78,10,0.004928281530737877, 0.36012494564056396
78,11,0.040297508239746094, 0.3456913232803345
78,12,0.00941584911197424, 0.3603239953517914
78,13,0.006848470773547888, 0.3556291162967682
78,14,0.02620973065495491, 0.3469281494617462
78,15,0.007888185791671276, 0.36975011229515076
79,0,0.019204018637537956, 0.3528054654598236
79,1,0.016676653176546097, 0.34606069326400757
79,2,0.032113995403051376, 0.34468725323677063
79,3,0.017504101619124413, 0.36201515793800354
79,4,0.00854481291025877, 0.3583201467990875
79,5,0.03281455487012863, 0.3553861379623413
79,6,0.09913798421621323, 0.33382341265678406
79,7,0.0050878687761723995, 0.3687100112438202
79,8,0.008493643254041672, 0.35089802742004395
79,9,0.009102381765842438, 0.36162707209587097
79,10,0.020448794588446617, 0.3557869493961334
79,11,0.009793046861886978, 0.3610435128211975
79,12,0.012566724792122841, 0.3552546799182892
79,13,0.002888794057071209, 0.37023988366127014
79,14,0.058670032769441605, 0.3395331799983978
79,15,0.009727590717375278, 0.36554813385009766
80,0,0.008045816794037819, 0.3648001253604889
80,1,0.014407232403755188, 0.3422143757343292
80,2,0.009490126743912697, 0.3581773340702057
80,3,0.00937227439135313, 0.35445836186408997
80,4,0.08311345428228378, 0.3480520248413086
80,5,0.0021795870270580053, 0.36918768286705017
80,6,0.020669838413596153, 0.3571164309978485
80,7,0.04843444749712944, 0.36141496896743774
80,8,0.004564887378364801, 0.3523002564907074
80,9,0.03064856491982937, 0.3539366126060486
80,10,0.010376728139817715, 0.3777526617050171
80,11,0.021265165880322456, 0.3519670069217682
80,12,0.02580045536160469, 0.3602507412433624
80,13,0.005963966250419617, 0.3579767048358917
80,14,0.012314103543758392, 0.36729252338409424
80,15,0.00657906336709857, 0.36811381578445435
81,0,0.005031248088926077, 0.35721713304519653
81,1,0.010286486707627773, 0.3630155920982361
81,2,0.0215353611856699, 0.34381741285324097
81,3,0.006280492525547743, 0.3590574860572815
81,4,0.03211590275168419, 0.3418956995010376
81,5,0.02262318879365921, 0.34798678755760193
81,6,0.004744198173284531, 0.35471948981285095
81,7,0.008864954113960266, 0.3652382791042328
81,8,0.01830305904150009, 0.3626396954059601
81,9,0.07001245766878128, 0.33976325392723083
81,10,0.0307097677141428, 0.34851256012916565
81,11,0.013316265307366848, 0.3772910535335541
81,12,0.041807033121585846, 0.34843766689300537
81,13,0.0029495754279196262, 0.3732752203941345
81,14,0.0886949822306633, 0.3433273434638977
81,15,0.10773289203643799, 0.3573015630245209
82,0,0.027599692344665527, 0.34860238432884216
82,1,0.004672858864068985, 0.358431339263916
82,2,0.0042177713476121426, 0.3562942147254944
82,3,0.00724077457562089, 0.34541869163513184
82,4,0.007017223630100489, 0.3610091805458069
82,5,0.021339252591133118, 0.33985355496406555
82,6,0.0052784583531320095, 0.3704282343387604
82,7,0.010301126167178154, 0.36179059743881226
82,8,0.09977690130472183, 0.3631671071052551
82,9,0.03595631569623947, 0.35984086990356445
82,10,0.056893374770879745, 0.34108930826187134
82,11,0.002879829378798604, 0.3754303753376007
82,12,0.01764470897614956, 0.34858840703964233
82,13,0.014577469788491726, 0.3658059537410736
82,14,0.014888412319123745, 0.35670730471611023
82,15,0.0318610742688179, 0.3424353301525116
83,0,0.048312004655599594, 0.3479640781879425
83,1,0.011968799866735935, 0.3677666187286377
83,2,0.016533559188246727, 0.3386596441268921
83,3,0.002356333192437887, 0.3616540729999542
83,4,0.016204236075282097, 0.34647807478904724
83,5,0.0327301099896431, 0.3347533047199249
83,6,0.012823457829654217, 0.3593636155128479
83,7,0.042171962559223175, 0.353486031293869
83,8,0.002779659815132618, 0.3618062436580658
83,9,0.0039599197916686535, 0.3631272315979004
83,10,0.04029404744505882, 0.3689174950122833
83,11,0.05546952039003372, 0.335685133934021
83,12,0.003950930200517178, 0.36399105191230774
83,13,0.02454911544919014, 0.343397855758667
83,14,0.03806507587432861, 0.3465850055217743
83,15,0.009994423016905785, 0.3547321557998657
84,0,0.015061280690133572, 0.3569042980670929
84,1,0.008788680657744408, 0.37543463706970215
84,2,0.010975711978971958, 0.3585255742073059
84,3,0.009493975900113583, 0.3650069236755371
84,4,0.020545784384012222, 0.34935200214385986
84,5,0.02177957072854042, 0.3358054757118225
84,6,0.01206133421510458, 0.35893696546554565
84,7,0.0200848039239645, 0.3645528256893158
84,8,0.0196550115942955, 0.35082942247390747
84,9,0.008549104444682598, 0.3545689284801483
84,10,0.003322840202599764, 0.3701034486293793
84,11,0.00336465029977262, 0.35443368554115295
84,12,0.03335971385240555, 0.35777747631073
84,13,0.006873878184705973, 0.3687833249568939
84,14,0.06136695295572281, 0.36120566725730896
84,15,0.0034014880657196045, 0.3642417788505554
85,0,0.04597806930541992, 0.3443199098110199
85,1,0.10467002540826797, 0.33461159467697144
85,2,0.019344210624694824, 0.3521953821182251
85,3,0.04475460574030876, 0.33601492643356323
85,4,0.02404037117958069, 0.3593447804450989
85,5,0.006935748737305403, 0.3665958046913147
85,6,0.007317254785448313, 0.3607640564441681
85,7,0.0069237700663506985, 0.36399489641189575
85,8,0.016451707109808922, 0.3585405647754669
85,9,0.007947057485580444, 0.3583103120326996
85,10,0.018602173775434494, 0.3512648046016693
85,11,0.008001000620424747, 0.3543587625026703
85,12,0.013042083941400051, 0.3621722161769867
85,13,0.010304803028702736, 0.35471391677856445
85,14,0.05349341779947281, 0.341374009847641
85,15,0.06131673976778984, 0.355103462934494
86,0,0.02387247234582901, 0.35191774368286133
86,1,0.004863331560045481, 0.35912126302719116
86,2,0.004954853560775518, 0.35099130868911743
86,3,0.0032325696665793657, 0.3575538992881775
86,4,0.005515443626791239, 0.36909639835357666
86,5,0.04602506756782532, 0.36366698145866394
86,6,0.0863698422908783, 0.3390004336833954
86,7,0.09241471439599991, 0.34817132353782654
86,8,0.009778989478945732, 0.3714146018028259
86,9,0.007317184004932642, 0.3639974296092987
86,10,0.0036423143465071917, 0.37558287382125854
86,11,0.011552727781236172, 0.36433687806129456
86,12,0.053401120007038116, 0.35262319445610046
